76.66666666666667
40.333333333333336
48.666666666666664
75.0
51.333333333333336
85.0
53.0
73.66666666666667
50.333333333333336
54.333333333333336
34.333333333333336
70.0
43.666666666666664
50.0
70.33333333333333
75.0
43.666666666666664
71.33333333333333
68.0
59.666666666666664
67.66666666666667
65.0
57.666666666666664
61.666666666666664
69.66666666666667
82.33333333333333
55.666666666666664
61.333333333333336
83.33333333333333
41.333333333333336
47.333333333333336
66.0
48.0
67.0
56.333333333333336
48.333333333333336
44.0
85.66666666666667
59.666666666666664
63.666666666666664
75.33333333333333
75.66666666666667
54.666666666666664
53.0
50.333333333333336
59.666666666666664
62.666666666666664
71.0
75.66666666666667
62.0
37.333333333333336
67.0
47.333333333333336
78.66666666666667
56.0
60.666666666666664
34.666666666666664
92.33333333333333
46.0
66.33333333333333
72.0
74.33333333333333
75.0
62.333333333333336
62.0
72.0
76.33333333333333
58.0
55.333333333333336
72.0
51.666666666666664
62.333333333333336
43.0
56.666666666666664
58.666666666666664
63.333333333333336
64.66666666666667
68.66666666666667
65.0
28.333333333333332
34.333333333333336
74.33333333333333
47.333333333333336
69.0
44.0
78.66666666666667
60.333333333333336
80.33333333333333
61.0
52.0
54.0
69.33333333333333
78.33333333333333
49.0
52.666666666666664
43.333333333333336
48.0
73.0
65.66666666666667
82.0
50.0
41.333333333333336
42.666666666666664
73.0
49.333333333333336
58.333333333333336
57.333333333333336
68.0
77.33333333333333
64.33333333333333
33.0
49.0
70.66666666666667
63.0
54.666666666666664
68.0
48.0
55.0
69.33333333333333
40.0
68.0
46.0
69.66666666666667
60.0
63.0
44.333333333333336
68.66666666666667
51.666666666666664
84.66666666666667
59.333333333333336
46.666666666666664
78.66666666666667
50.0
76.0
70.33333333333333
40.0
74.33333333333333
65.66666666666667
70.0
66.33333333333333
71.66666666666667
58.95744680851064 62.93617021276596 60.40425531914894